> M00224 STAT1
8.0    18.0   41.9   32.1
23.2    9.7   37.2   29.8
13.9   31.3   19.8   35.2
17.5   37.9   38.1    6.4
59.6   13.5   15.1   11.9
31.2   26.3    9.4   33.2
0         0      0    100
0         0      0    100
3.9    90.9      2    3.2
0       100      0      0
0      32.5   67.5      0
0         0    100      0
3.8       0   94.9    1.2
100       0      0      0
100       0      0      0
36.3    8.8   29.5   25.5
11.1   11.1   11.1   66.7
19.8   10.5   69.6      0
24.8   12.7   46.6   15.9
12.5   36.7   49.2    1.5
31.8   12.5   39.7     16
